150 20 260 130 260 20 150 130 -1 -1
260 20 150 20 260 130 370 20 -1 -1
370 20 260 130 370 130 480 130 260 20 480 20 -1 -1
480 20 590 20 370 20 480 130 -1 -1
590 20 480 20 480 130 590 130 -1 -1
150 130 150 20 150 240 260 130 -1 -1
260 130 150 130 260 240 150 240 150 20 370 20 260 20 370 130 370 240 -1 -1
370 130 260 130 370 20 480 130 370 240 -1 -1
480 130 370 130 370 240 370 20 480 20 590 130 590 20 590 240 480 240 -1 -1
590 130 590 20 590 240 480 130 -1 -1
150 240 150 130 260 130 260 240 260 350 150 350 -1 -1
260 240 150 240 260 130 370 240 260 350 -1 -1
370 240 370 130 480 240 480 130 480 350 370 350 260 350 260 240 260 130 -1 -1
480 240 370 240 480 130 590 240 480 350 -1 -1
590 240 590 130 480 130 480 350 480 240 590 350 -1 -1
150 350 150 240 260 350 150 460 -1 -1
260 350 150 350 150 240 370 460 260 460 150 460 260 240 370 240 370 350 -1 -1
370 350 480 350 260 350 370 240 370 460 -1 -1
480 350 370 350 370 240 480 240 590 240 590 350 590 460 480 460 370 460 -1 -1
590 350 590 240 480 350 590 460 -1 -1
150 460 150 350 260 350 260 460 -1 -1
260 460 150 460 370 460 260 350 -1 -1
370 460 260 350 370 350 260 460 480 350 480 460 -1 -1
480 460 370 460 590 460 480 350 -1 -1
590 460 480 350 480 460 590 350 -1 -1
